(5, 159)
(5, 7202)
(5, 14443)
(5, 18115)
(5, 18861)
(3, 12623)
(3, 15995)
(3, 17664)
(1, 16030)
(2, 6143)
(2, 10431)
(22, 372)
(22, 735)
(22, 1092)
(22, 2040)
(22, 2163)
(22, 2170)
(22, 2824)
(22, 5698)
(22, 6560)
(22, 7399)
(22, 7994)
(22, 8042)
(22, 8417)
(22, 8663)
(22, 10443)
(22, 10648)
(22, 11848)
(22, 12904)
(22, 15066)
(22, 15266)
(22, 17522)
(22, 19059)
(17, 283)
(17, 1842)
(17, 1865)
(17, 2115)
(17, 3748)
(17, 5348)
(17, 6018)
(17, 6221)
(17, 7370)
(17, 8312)
(17, 8426)
(17, 8575)
(17, 8886)
(17, 11823)
(17, 12332)
(17, 14175)
(17, 15788)
(9, 611)
(9, 4527)
(9, 6058)
(9, 7215)
(9, 8296)
(9, 8384)
(9, 11432)
(9, 12573)
(9, 17195)
(6, 1904)
(6, 5221)
(6, 7823)
(6, 7971)
(6, 9487)
(6, 10889)
(10, 168)
(10, 869)
(10, 4791)
(10, 6568)
(10, 9977)
(10, 9998)
(10, 10301)
(10, 12924)
(10, 15857)
(10, 16918)
(29, 1114)
(29, 1425)
(29, 1951)
(29, 3130)
(29, 3207)
(29, 4436)
(29, 4862)
(29, 4932)
(29, 5104)
(29, 5433)
(29, 5584)
(29, 7452)
(29, 8219)
(29, 8823)
(29, 9189)
(29, 9548)
(29, 9921)
(29, 11755)
(29, 11960)
(29, 12012)
(29, 13882)
(29, 15262)
(29, 17019)
(29, 17025)
(29, 17026)
(29, 17165)
(29, 18093)
(29, 18787)
(29, 18815)
(8, 1537)
(8, 3156)
(8, 4265)
(8, 5084)
(8, 6495)
(8, 7341)
(8, 10120)
(8, 17710)
(4, 1533)
(4, 5882)
(4, 10513)
(4, 13779)
(11, 3089)
(11, 5449)
(11, 9182)
(11, 11384)
(11, 11656)
(11, 12205)
(11, 12351)
(11, 12358)
(11, 15814)
(11, 17409)
(11, 17893)
(31, 128)
(31, 295)
(31, 1027)
(31, 1351)
(31, 2494)
(31, 2658)
(31, 6724)
(31, 6728)
(31, 7195)
(31, 7408)
(31, 7463)
(31, 8010)
(31, 10093)
(31, 10164)
(31, 10387)
(31, 11698)
(31, 11727)
(31, 11736)
(31, 12712)
(31, 12820)
(31, 13334)
(31, 13430)
(31, 14204)
(31, 14616)
(31, 15438)
(31, 15484)
(31, 16534)
(31, 16980)
(31, 18271)
(31, 18777)
(31, 18790)
(18, 1232)
(18, 1464)
(18, 4668)
(18, 4999)
(18, 7218)
(18, 9574)
(18, 10363)
(18, 11202)
(18, 11526)
(18, 12744)
(18, 12849)
(18, 13273)
(18, 13644)
(18, 14929)
(18, 16590)
(18, 16641)
(18, 18856)
(18, 19569)
(7, 1142)
(7, 6991)
(7, 8088)
(7, 12551)
(7, 14708)
(7, 16989)
(7, 19093)
(25, 330)
(25, 953)
(25, 1977)
(25, 2662)
(25, 4216)
(25, 5078)
(25, 5345)
(25, 5559)
(25, 5993)
(25, 7083)
(25, 9612)
(25, 10516)
(25, 10940)
(25, 11885)
(25, 12297)
(25, 13262)
(25, 13355)
(25, 13635)
(25, 13666)
(25, 13906)
(25, 14882)
(25, 16446)
(25, 17993)
(25, 18173)
(25, 18649)
(14, 1605)
(14, 2035)
(14, 4689)
(14, 7465)
(14, 7729)
(14, 8424)
(14, 9715)
(14, 12568)
(14, 13311)
(14, 15727)
(14, 15843)
(14, 16295)
(14, 17191)
(14, 18951)
(13, 145)
(13, 602)
(13, 1602)
(13, 4186)
(13, 5257)
(13, 7063)
(13, 8288)
(13, 8290)
(13, 8893)
(13, 9842)
(13, 12365)
(13, 16361)
(13, 16685)
(19, 395)
(19, 5324)
(19, 5336)
(19, 5496)
(19, 5872)
(19, 6501)
(19, 7716)
(19, 8221)
(19, 9390)
(19, 9723)
(19, 12559)
(19, 12789)
(19, 12955)
(19, 13938)
(19, 15231)
(19, 15891)
(19, 15954)
(19, 17056)
(19, 18697)
(15, 194)
(15, 406)
(15, 1281)
(15, 1310)
(15, 4820)
(15, 5311)
(15, 8447)
(15, 8907)
(15, 11044)
(15, 11406)
(15, 13475)
(15, 13939)
(15, 15307)
(15, 15572)
(15, 18415)
(23, 1273)
(23, 2090)
(23, 3667)
(23, 4262)
(23, 4402)
(23, 4421)
(23, 4893)
(23, 5243)
(23, 6953)
(23, 7711)
(23, 8314)
(23, 9181)
(23, 10932)
(23, 11399)
(23, 11809)
(23, 12592)
(23, 13305)
(23, 15498)
(23, 18145)
(23, 18792)
(23, 18824)
(23, 18867)
(23, 18897)
(24, 1529)
(24, 2719)
(24, 3255)
(24, 3573)
(24, 3972)
(24, 4140)
(24, 4546)
(24, 5122)
(24, 5440)
(24, 6474)
(24, 6569)
(24, 7665)
(24, 10919)
(24, 12066)
(24, 12584)
(24, 12677)
(24, 13837)
(24, 14175)
(24, 15045)
(24, 15788)
(24, 16129)
(24, 17899)
(24, 18670)
(24, 19305)
(27, 1301)
(27, 1683)
(27, 2019)
(27, 2331)
(27, 3082)
(27, 3683)
(27, 4045)
(27, 5375)
(27, 5699)
(27, 6276)
(27, 7243)
(27, 8405)
(27, 8730)
(27, 9802)
(27, 11641)
(27, 12827)
(27, 13354)
(27, 14388)
(27, 14515)
(27, 15189)
(27, 15615)
(27, 15840)
(27, 15943)
(27, 15952)
(27, 16500)
(27, 17399)
(27, 17724)
(16, 2361)
(16, 2873)
(16, 3782)
(16, 5139)
(16, 6673)
(16, 7172)
(16, 9951)
(16, 11277)
(16, 11394)
(16, 11396)
(16, 11575)
(16, 12713)
(16, 14872)
(16, 16261)
(16, 18444)
(16, 19369)
(12, 234)
(12, 4167)
(12, 4974)
(12, 5891)
(12, 6942)
(12, 8600)
(12, 9900)
(12, 10888)
(12, 11653)
(12, 15069)
(12, 15564)
(12, 18996)
(20, 2346)
(20, 2995)
(20, 3245)
(20, 4963)
(20, 6567)
(20, 9708)
(20, 11085)
(20, 11302)
(20, 13694)
(20, 13768)
(20, 14083)
(20, 14873)
(20, 15167)
(20, 15543)
(20, 15783)
(20, 17219)
(20, 18022)
(20, 18244)
(20, 18631)
(20, 18955)
(28, 1872)
(28, 2543)
(28, 2659)
(28, 2862)
(28, 2978)
(28, 3257)
(28, 4657)
(28, 5470)
(28, 6412)
(28, 6949)
(28, 7610)
(28, 7992)
(28, 9004)
(28, 10389)
(28, 11141)
(28, 13037)
(28, 13378)
(28, 13405)
(28, 14661)
(28, 14745)
(28, 15178)
(28, 15200)
(28, 15496)
(28, 15778)
(28, 16727)
(28, 17248)
(28, 17845)
(28, 19194)
(35, 205)
(35, 1565)
(35, 1865)
(35, 1989)
(35, 2217)
(35, 3279)
(35, 3369)
(35, 6463)
(35, 7335)
(35, 7399)
(35, 7409)
(35, 7468)
(35, 7689)
(35, 8197)
(35, 8855)
(35, 8886)
(35, 9275)
(35, 11084)
(35, 11823)
(35, 11898)
(35, 12052)
(35, 12332)
(35, 12349)
(35, 12439)
(35, 12724)
(35, 13801)
(35, 14107)
(35, 14280)
(35, 14317)
(35, 15591)
(35, 15592)
(35, 15620)
(35, 16033)
(35, 16754)
(35, 17111)
(21, 1945)
(21, 3124)
(21, 4279)
(21, 4409)
(21, 4428)
(21, 4697)
(21, 5395)
(21, 5434)
(21, 5596)
(21, 6452)
(21, 8247)
(21, 11186)
(21, 11372)
(21, 11894)
(21, 12918)
(21, 14994)
(21, 15864)
(21, 17590)
(21, 18786)
(21, 18957)
(21, 19288)
(60, 370)
(60, 804)
(60, 840)
(60, 981)
(60, 1425)
(60, 2790)
(60, 2815)
(60, 3207)
(60, 3232)
(60, 3307)
(60, 3805)
(60, 3984)
(60, 4246)
(60, 4254)
(60, 4436)
(60, 4696)
(60, 4912)
(60, 4932)
(60, 4980)
(60, 5103)
(60, 5104)
(60, 5174)
(60, 5276)
(60, 5604)
(60, 6684)
(60, 7475)
(60, 7669)
(60, 8263)
(60, 8399)
(60, 8817)
(60, 8862)
(60, 8974)
(60, 9068)
(60, 9081)
(60, 9256)
(60, 9495)
(60, 9602)
(60, 9931)
(60, 10258)
(60, 10796)
(60, 11478)
(60, 11977)
(60, 12019)
(60, 12564)
(60, 12710)
(60, 13675)
(60, 13989)
(60, 14006)
(60, 15305)
(60, 15376)
(60, 15513)
(60, 15866)
(60, 16355)
(60, 16794)
(60, 17072)
(60, 17116)
(60, 17228)
(60, 17301)
(60, 18067)
(60, 18080)
(67, 617)
(67, 1221)
(67, 1484)
(67, 1510)
(67, 1612)
(67, 1882)
(67, 2588)
(67, 3126)
(67, 3754)
(67, 3840)
(67, 3946)
(67, 4193)
(67, 4542)
(67, 4832)
(67, 5402)
(67, 5483)
(67, 5577)
(67, 5608)
(67, 5652)
(67, 5814)
(67, 5896)
(67, 7083)
(67, 7504)
(67, 7620)
(67, 7624)
(67, 7681)
(67, 7743)
(67, 7847)
(67, 8756)
(67, 9055)
(67, 9902)
(67, 10277)
(67, 10589)
(67, 10767)
(67, 10801)
(67, 10995)
(67, 11024)
(67, 11107)
(67, 11122)
(67, 12001)
(67, 12109)
(67, 12802)
(67, 12926)
(67, 12965)
(67, 13031)
(67, 13335)
(67, 13542)
(67, 13777)
(67, 14537)
(67, 14682)
(67, 14821)
(67, 14977)
(67, 15427)
(67, 16297)
(67, 16615)
(67, 16650)
(67, 16990)
(67, 17122)
(67, 17191)
(67, 17300)
(67, 17350)
(67, 17951)
(67, 18023)
(67, 18274)
(67, 18366)
(67, 19166)
(67, 19259)
(26, 48)
(26, 787)
(26, 4142)
(26, 4445)
(26, 5348)
(26, 6077)
(26, 6120)
(26, 6347)
(26, 7130)
(26, 9264)
(26, 9519)
(26, 10185)
(26, 10279)
(26, 10383)
(26, 10896)
(26, 11055)
(26, 11113)
(26, 11816)
(26, 12102)
(26, 12349)
(26, 13597)
(26, 14284)
(26, 14317)
(26, 14727)
(26, 17649)
(26, 17839)
(30, 1253)
(30, 1785)
(30, 3062)
(30, 5178)
(30, 5440)
(30, 5467)
(30, 5809)
(30, 5839)
(30, 5908)
(30, 6302)
(30, 7296)
(30, 7307)
(30, 7399)
(30, 7842)
(30, 9014)
(30, 9083)
(30, 9471)
(30, 10600)
(30, 11468)
(30, 11546)
(30, 11811)
(30, 11816)
(30, 12844)
(30, 13020)
(30, 13940)
(30, 14414)
(30, 14727)
(30, 15788)
(30, 15925)
(30, 16140)
(75, 887)
(75, 1292)
(75, 1775)
(75, 1842)
(75, 2278)
(75, 2346)
(75, 3062)
(75, 3245)
(75, 3629)
(75, 4646)
(75, 5372)
(75, 5487)
(75, 5809)
(75, 5951)
(75, 6018)
(75, 6049)
(75, 6316)
(75, 6919)
(75, 6938)
(75, 7706)
(75, 7708)
(75, 8172)
(75, 8201)
(75, 8300)
(75, 8382)
(75, 8396)
(75, 8708)
(75, 9047)
(75, 9130)
(75, 9199)
(75, 9203)
(75, 9409)
(75, 9431)
(75, 9471)
(75, 9491)
(75, 10769)
(75, 11091)
(75, 11437)
(75, 11816)
(75, 11823)
(75, 11883)
(75, 11997)
(75, 12164)
(75, 12191)
(75, 12250)
(75, 12475)
(75, 13046)
(75, 13364)
(75, 13632)
(75, 13912)
(75, 14284)
(75, 14651)
(75, 14749)
(75, 14789)
(75, 14862)
(75, 15100)
(75, 15299)
(75, 15591)
(75, 15592)
(75, 16387)
(75, 17219)
(75, 17324)
(75, 17332)
(75, 17649)
(75, 18056)
(75, 18219)
(75, 18301)
(75, 18709)
(75, 18831)
(75, 18849)
(75, 18979)
(75, 19087)
(75, 19317)
(75, 19324)
(75, 19517)
(40, 48)
(40, 110)
(40, 283)
(40, 787)
(40, 1785)
(40, 1842)
(40, 2120)
(40, 2584)
(40, 3491)
(40, 3716)
(40, 3748)
(40, 4445)
(40, 4667)
(40, 4751)
(40, 5348)
(40, 5709)
(40, 6798)
(40, 7130)
(40, 7370)
(40, 7399)
(40, 8417)
(40, 8426)
(40, 8886)
(40, 8919)
(40, 9471)
(40, 10279)
(40, 11113)
(40, 11898)
(40, 13464)
(40, 13549)
(40, 13801)
(40, 14317)
(40, 14727)
(40, 14742)
(40, 15114)
(40, 15582)
(40, 15925)
(40, 16033)
(40, 16778)
(40, 18870)
(77, 141)
(77, 165)
(77, 340)
(77, 463)
(77, 616)
(77, 755)
(77, 1437)
(77, 1448)
(77, 2337)
(77, 2819)
(77, 2994)
(77, 3336)
(77, 3433)
(77, 3539)
(77, 3575)
(77, 3923)
(77, 4064)
(77, 4065)
(77, 4296)
(77, 4299)
(77, 4930)
(77, 5051)
(77, 5462)
(77, 5693)
(77, 5890)
(77, 5944)
(77, 5953)
(77, 7030)
(77, 7415)
(77, 7434)
(77, 8393)
(77, 8449)
(77, 8787)
(77, 9278)
(77, 9286)
(77, 9322)
(77, 9371)
(77, 9775)
(77, 9946)
(77, 10147)
(77, 10150)
(77, 10683)
(77, 10854)
(77, 10861)
(77, 10862)
(77, 11229)
(77, 11520)
(77, 11747)
(77, 11882)
(77, 12074)
(77, 12292)
(77, 12499)
(77, 12634)
(77, 13714)
(77, 14390)
(77, 14815)
(77, 14999)
(77, 15446)
(77, 15776)
(77, 16106)
(77, 16461)
(77, 16866)
(77, 16921)
(77, 17665)
(77, 17861)
(77, 18073)
(77, 18097)
(77, 18221)
(77, 18224)
(77, 18230)
(77, 18300)
(77, 18331)
(77, 18512)
(77, 18887)
(77, 18942)
(77, 19171)
(77, 19441)
(38, 286)
(38, 372)
(38, 1045)
(38, 1244)
(38, 1891)
(38, 1907)
(38, 2406)
(38, 3165)
(38, 3654)
(38, 4455)
(38, 4513)
(38, 4544)
(38, 4546)
(38, 4823)
(38, 5839)
(38, 7665)
(38, 8038)
(38, 8859)
(38, 9250)
(38, 9806)
(38, 10103)
(38, 10510)
(38, 10628)
(38, 10633)
(38, 10748)
(38, 10754)
(38, 11056)
(38, 11064)
(38, 11442)
(38, 11674)
(38, 11848)
(38, 12145)
(38, 12974)
(38, 14305)
(38, 14473)
(38, 18341)
(38, 18622)
(38, 18728)
(125, 60)
(125, 97)
(125, 535)
(125, 611)
(125, 687)
(125, 786)
(125, 979)
(125, 985)
(125, 1119)
(125, 1172)
(125, 1237)
(125, 1406)
(125, 1521)
(125, 1695)
(125, 1769)
(125, 1842)
(125, 2116)
(125, 2388)
(125, 2523)
(125, 2571)
(125, 2605)
(125, 2629)
(125, 2646)
(125, 2817)
(125, 2927)
(125, 2969)
(125, 3105)
(125, 3209)
(125, 3524)
(125, 3545)
(125, 3710)
(125, 3827)
(125, 3854)
(125, 3966)
(125, 4118)
(125, 4229)
(125, 4264)
(125, 4531)
(125, 4647)
(125, 4808)
(125, 5112)
(125, 5431)
(125, 5574)
(125, 5813)
(125, 5816)
(125, 6102)
(125, 6203)
(125, 6599)
(125, 6624)
(125, 6729)
(125, 6825)
(125, 7006)
(125, 7079)
(125, 7176)
(125, 7379)
(125, 7396)
(125, 7757)
(125, 7830)
(125, 8209)
(125, 8284)
(125, 8322)
(125, 8384)
(125, 8504)
(125, 9102)
(125, 9365)
(125, 9471)
(125, 9548)
(125, 9551)
(125, 9885)
(125, 9974)
(125, 10050)
(125, 10325)
(125, 10769)
(125, 10799)
(125, 10960)
(125, 10981)
(125, 11009)
(125, 11013)
(125, 11457)
(125, 11464)
(125, 11483)
(125, 11773)
(125, 12164)
(125, 12314)
(125, 12573)
(125, 13020)
(125, 13326)
(125, 13502)
(125, 13529)
(125, 13596)
(125, 13632)
(125, 13685)
(125, 14165)
(125, 14283)
(125, 14341)
(125, 14651)
(125, 14862)
(125, 14995)
(125, 15079)
(125, 15127)
(125, 15567)
(125, 15591)
(125, 15592)
(125, 15692)
(125, 15704)
(125, 15734)
(125, 15762)
(125, 15936)
(125, 16016)
(125, 16083)
(125, 16184)
(125, 16387)
(125, 16435)
(125, 16832)
(125, 17299)
(125, 17389)
(125, 17616)
(125, 17731)
(125, 18264)
(125, 18639)
(125, 18771)
(125, 19098)
(125, 19168)
(125, 19344)
(125, 19354)
(34, 1373)
(34, 1581)
(34, 1721)
(34, 2031)
(34, 2241)
(34, 3667)
(34, 4421)
(34, 4645)
(34, 4893)
(34, 6336)
(34, 6413)
(34, 7379)
(34, 7711)
(34, 7744)
(34, 8476)
(34, 8550)
(34, 8753)
(34, 9181)
(34, 10087)
(34, 10088)
(34, 11809)
(34, 12592)
(34, 13746)
(34, 13882)
(34, 14624)
(34, 14900)
(34, 15498)
(34, 16468)
(34, 16717)
(34, 18867)
(34, 18897)
(34, 18898)
(34, 19114)
(34, 19270)
(36, 1398)
(36, 1581)
(36, 1721)
(36, 2031)
(36, 3667)
(36, 4402)
(36, 4645)
(36, 4893)
(36, 4976)
(36, 6413)
(36, 7711)
(36, 7744)
(36, 8289)
(36, 8542)
(36, 8961)
(36, 9181)
(36, 9225)
(36, 10087)
(36, 10088)
(36, 11399)
(36, 11499)
(36, 11809)
(36, 12592)
(36, 12711)
(36, 12811)
(36, 13305)
(36, 13746)
(36, 14269)
(36, 14603)
(36, 14626)
(36, 15498)
(36, 16717)
(36, 16823)
(36, 16945)
(36, 18145)
(36, 18898)
(39, 472)
(39, 2298)
(39, 2442)
(39, 2852)
(39, 2903)
(39, 4449)
(39, 4534)
(39, 4541)
(39, 4838)
(39, 5730)
(39, 6375)
(39, 8436)
(39, 8799)
(39, 9452)
(39, 9515)
(39, 9963)
(39, 10215)
(39, 11024)
(39, 11111)
(39, 11827)
(39, 12771)
(39, 13018)
(39, 13947)
(39, 14156)
(39, 14272)
(39, 15742)
(39, 16316)
(39, 16757)
(39, 16963)
(39, 17215)
(39, 17359)
(39, 17485)
(39, 17547)
(39, 18662)
(39, 18736)
(39, 19045)
(39, 19299)
(39, 19407)
(39, 19490)
(53, 160)
(53, 759)
(53, 1063)
(53, 1269)
(53, 1573)
(53, 2094)
(53, 2401)
(53, 2462)
(53, 2549)
(53, 2562)
(53, 2740)
(53, 3439)
(53, 3448)
(53, 4001)
(53, 4149)
(53, 4191)
(53, 4553)
(53, 4633)
(53, 5596)
(53, 5765)
(53, 5789)
(53, 6019)
(53, 6223)
(53, 6247)
(53, 6513)
(53, 6663)
(53, 7380)
(53, 7638)
(53, 8046)
(53, 8992)
(53, 9042)
(53, 9179)
(53, 9475)
(53, 9975)
(53, 10921)
(53, 11450)
(53, 11487)
(53, 11806)
(53, 12315)
(53, 13753)
(53, 14992)
(53, 16168)
(53, 16547)
(53, 16568)
(53, 16858)
(53, 16869)
(53, 17017)
(53, 17282)
(53, 17786)
(53, 18859)
(53, 19128)
(53, 19374)
(53, 19398)
(41, 338)
(41, 845)
(41, 849)
(41, 928)
(41, 1319)
(41, 1702)
(41, 1704)
(41, 1902)
(41, 2744)
(41, 2860)
(41, 3692)
(41, 3751)
(41, 3938)
(41, 4343)
(41, 6185)
(41, 6806)
(41, 7100)
(41, 7892)
(41, 9650)
(41, 9942)
(41, 10221)
(41, 10606)
(41, 10919)
(41, 11997)
(41, 13020)
(41, 13345)
(41, 13364)
(41, 13832)
(41, 14002)
(41, 14926)
(41, 15280)
(41, 15687)
(41, 15881)
(41, 15944)
(41, 16531)
(41, 16856)
(41, 16919)
(41, 17493)
(41, 18065)
(41, 18255)
(41, 18952)
(74, 147)
(74, 253)
(74, 901)
(74, 903)
(74, 1056)
(74, 1456)
(74, 1814)
(74, 1835)
(74, 2854)
(74, 3082)
(74, 3137)
(74, 3142)
(74, 3331)
(74, 3609)
(74, 3653)
(74, 3772)
(74, 4099)
(74, 4152)
(74, 4297)
(74, 4298)
(74, 4340)
(74, 4860)
(74, 5029)
(74, 5104)
(74, 6039)
(74, 6531)
(74, 7120)
(74, 7191)
(74, 7210)
(74, 7534)
(74, 7537)
(74, 7971)
(74, 8356)
(74, 8685)
(74, 8687)
(74, 8730)
(74, 8772)
(74, 9103)
(74, 9649)
(74, 9769)
(74, 9808)
(74, 10350)
(74, 10451)
(74, 10629)
(74, 11049)
(74, 11178)
(74, 11244)
(74, 11390)
(74, 11467)
(74, 11881)
(74, 11894)
(74, 12960)
(74, 13606)
(74, 13925)
(74, 14512)
(74, 15239)
(74, 15377)
(74, 15840)
(74, 15851)
(74, 15916)
(74, 16028)
(74, 16622)
(74, 16626)
(74, 16637)
(74, 16958)
(74, 17015)
(74, 17380)
(74, 17415)
(74, 17645)
(74, 17709)
(74, 18233)
(74, 18701)
(74, 18720)
(74, 18906)
(50, 465)
(50, 1373)
(50, 1423)
(50, 1721)
(50, 2031)
(50, 3017)
(50, 3667)
(50, 3805)
(50, 4281)
(50, 4402)
(50, 4421)
(50, 4976)
(50, 5830)
(50, 6336)
(50, 7376)
(50, 7711)
(50, 8728)
(50, 9856)
(50, 9938)
(50, 10087)
(50, 10088)
(50, 11121)
(50, 11409)
(50, 11450)
(50, 11640)
(50, 11809)
(50, 11894)
(50, 12462)
(50, 12463)
(50, 12592)
(50, 12937)
(50, 13305)
(50, 13380)
(50, 13746)
(50, 13882)
(50, 13997)
(50, 14077)
(50, 14269)
(50, 15141)
(50, 16640)
(50, 16717)
(50, 17151)
(50, 17590)
(50, 18145)
(50, 18354)
(50, 18792)
(50, 18824)
(50, 18897)
(50, 18898)
(50, 19270)
(83, 364)
(83, 420)
(83, 876)
(83, 1049)
(83, 1460)
(83, 1534)
(83, 2468)
(83, 2599)
(83, 2658)
(83, 2876)
(83, 3023)
(83, 3243)
(83, 3282)
(83, 3898)
(83, 4102)
(83, 4547)
(83, 4709)
(83, 4913)
(83, 4972)
(83, 5079)
(83, 5371)
(83, 5745)
(83, 5875)
(83, 6182)
(83, 6414)
(83, 6574)
(83, 6752)
(83, 7948)
(83, 7980)
(83, 8198)
(83, 8240)
(83, 8599)
(83, 9121)
(83, 9258)
(83, 9304)
(83, 9420)
(83, 9505)
(83, 9905)
(83, 10072)
(83, 10218)
(83, 10682)
(83, 10712)
(83, 10969)
(83, 11256)
(83, 11324)
(83, 11523)
(83, 11542)
(83, 11552)
(83, 11680)
(83, 12224)
(83, 12859)
(83, 13126)
(83, 13171)
(83, 13223)
(83, 13227)
(83, 13583)
(83, 13602)
(83, 13814)
(83, 14011)
(83, 14254)
(83, 15013)
(83, 15046)
(83, 15057)
(83, 15075)
(83, 15120)
(83, 15426)
(83, 15651)
(83, 15752)
(83, 16169)
(83, 16694)
(83, 16812)
(83, 16941)
(83, 17087)
(83, 17433)
(83, 17939)
(83, 17969)
(83, 18055)
(83, 18594)
(83, 18790)
(83, 18972)
(83, 19124)
(83, 19335)
(83, 19426)
(42, 629)
(42, 878)
(42, 1209)
(42, 1324)
(42, 2579)
(42, 2919)
(42, 3390)
(42, 3712)
(42, 4477)
(42, 4750)
(42, 4946)
(42, 5872)
(42, 5888)
(42, 5954)
(42, 6031)
(42, 6159)
(42, 7596)
(42, 8509)
(42, 9035)
(42, 9070)
(42, 9455)
(42, 9758)
(42, 10556)
(42, 11024)
(42, 11245)
(42, 11249)
(42, 11795)
(42, 12310)
(42, 12389)
(42, 12731)
(42, 14397)
(42, 14453)
(42, 15712)
(42, 15766)
(42, 16089)
(42, 16179)
(42, 17242)
(42, 17686)
(42, 18221)
(42, 18534)
(42, 19393)
(42, 19635)
(44, 242)
(44, 410)
(44, 533)
(44, 778)
(44, 2708)
(44, 4237)
(44, 4397)
(44, 4544)
(44, 4546)
(44, 5565)
(44, 6501)
(44, 6721)
(44, 7307)
(44, 7316)
(44, 7629)
(44, 7659)
(44, 7712)
(44, 7997)
(44, 8106)
(44, 8352)
(44, 9193)
(44, 10198)
(44, 10269)
(44, 11335)
(44, 11526)
(44, 11595)
(44, 13675)
(44, 13940)
(44, 13975)
(44, 14123)
(44, 14279)
(44, 14742)
(44, 15044)
(44, 15390)
(44, 16140)
(44, 16175)
(44, 16949)
(44, 17899)
(44, 17932)
(44, 18315)
(44, 18740)
(44, 18757)
(44, 18811)
(44, 19040)
(57, 147)
(57, 901)
(57, 903)
(57, 1055)
(57, 1056)
(57, 1835)
(57, 3137)
(57, 3331)
(57, 3609)
(57, 3653)
(57, 3733)
(57, 3772)
(57, 4152)
(57, 4298)
(57, 4340)
(57, 5029)
(57, 5089)
(57, 5104)
(57, 5871)
(57, 6531)
(57, 7191)
(57, 7239)
(57, 7534)
(57, 7716)
(57, 8356)
(57, 8685)
(57, 8687)
(57, 8772)
(57, 9649)
(57, 9808)
(57, 10451)
(57, 10629)
(57, 11049)
(57, 11178)
(57, 11262)
(57, 11390)
(57, 11881)
(57, 11894)
(57, 12960)
(57, 13705)
(57, 13925)
(57, 14512)
(57, 14654)
(57, 15377)
(57, 15840)
(57, 15916)
(57, 16028)
(57, 16100)
(57, 16626)
(57, 16637)
(57, 16958)
(57, 17415)
(57, 17645)
(57, 17709)
(57, 18701)
(57, 18906)
(57, 19005)
(33, 1076)
(33, 1146)
(33, 1235)
(33, 1349)
(33, 1807)
(33, 2336)
(33, 2475)
(33, 2602)
(33, 3060)
(33, 4185)
(33, 4638)
(33, 6258)
(33, 6899)
(33, 7232)
(33, 7273)
(33, 7839)
(33, 8757)
(33, 10604)
(33, 10754)
(33, 11096)
(33, 11749)
(33, 11847)
(33, 12017)
(33, 12561)
(33, 13565)
(33, 14988)
(33, 15788)
(33, 16482)
(33, 16778)
(33, 18468)
(33, 18812)
(33, 19305)
(33, 19661)
(32, 164)
(32, 1373)
(32, 1425)
(32, 3667)
(32, 4421)
(32, 4893)
(32, 5713)
(32, 6244)
(32, 6336)
(32, 7711)
(32, 7731)
(32, 7744)
(32, 8822)
(32, 9548)
(32, 10087)
(32, 10884)
(32, 10886)
(32, 12012)
(32, 12592)
(32, 12726)
(32, 13746)
(32, 13783)
(32, 14243)
(32, 14624)
(32, 15730)
(32, 16640)
(32, 16999)
(32, 17019)
(32, 18145)
(32, 18898)
(32, 19151)
(32, 19270)
(121, 205)
(121, 224)
(121, 339)
(121, 658)
(121, 724)
(121, 953)
(121, 973)
(121, 1014)
(121, 1142)
(121, 1249)
(121, 1553)
(121, 1690)
(121, 1983)
(121, 2004)
(121, 2502)
(121, 2510)
(121, 2660)
(121, 2798)
(121, 3012)
(121, 3308)
(121, 3400)
(121, 3518)
(121, 3670)
(121, 3831)
(121, 3887)
(121, 4327)
(121, 4650)
(121, 4907)
(121, 4908)
(121, 5033)
(121, 5090)
(121, 5108)
(121, 5129)
(121, 5150)
(121, 5786)
(121, 5970)
(121, 5974)
(121, 6183)
(121, 6388)
(121, 6569)
(121, 6599)
(121, 6628)
(121, 6659)
(121, 6710)
(121, 6735)
(121, 7041)
(121, 7469)
(121, 7563)
(121, 7774)
(121, 8128)
(121, 8612)
(121, 8861)
(121, 8862)
(121, 8902)
(121, 8926)
(121, 9178)
(121, 9389)
(121, 9402)
(121, 9614)
(121, 9723)
(121, 9951)
(121, 10005)
(121, 10034)
(121, 10244)
(121, 10324)
(121, 10373)
(121, 10422)
(121, 10461)
(121, 10603)
(121, 10610)
(121, 10717)
(121, 11106)
(121, 11321)
(121, 11616)
(121, 11642)
(121, 11674)
(121, 11858)
(121, 12000)
(121, 12223)
(121, 12240)
(121, 12241)
(121, 12446)
(121, 12459)
(121, 12879)
(121, 12998)
(121, 13266)
(121, 13345)
(121, 13573)
(121, 13582)
(121, 14054)
(121, 14057)
(121, 14277)
(121, 14287)
(121, 14306)
(121, 14309)
(121, 14761)
(121, 14779)
(121, 14821)
(121, 14980)
(121, 15045)
(121, 15283)
(121, 15643)
(121, 16031)
(121, 16033)
(121, 16386)
(121, 16584)
(121, 16729)
(121, 16843)
(121, 16882)
(121, 17045)
(121, 17146)
(121, 17198)
(121, 18100)
(121, 18234)
(121, 18268)
(121, 18789)
(121, 18869)
(121, 19093)
(121, 19125)
(121, 19181)
(121, 19712)
(49, 366)
(49, 616)
(49, 1156)
(49, 1233)
(49, 2223)
(49, 2974)
(49, 3082)
(49, 3606)
(49, 3731)
(49, 4051)
(49, 4094)
(49, 4259)
(49, 4605)
(49, 4609)
(49, 4732)
(49, 4826)
(49, 4914)
(49, 5036)
(49, 5177)
(49, 5596)
(49, 6150)
(49, 7684)
(49, 7888)
(49, 9687)
(49, 10096)
(49, 10231)
(49, 10699)
(49, 11024)
(49, 11372)
(49, 11449)
(49, 11450)
(49, 11669)
(49, 11894)
(49, 12196)
(49, 12197)
(49, 12852)
(49, 12853)
(49, 12943)
(49, 14797)
(49, 15325)
(49, 15864)
(49, 16367)
(49, 16563)
(49, 17487)
(49, 18139)
(49, 18700)
(49, 18859)
(49, 18957)
(49, 19039)
(37, 1253)
(37, 1631)
(37, 1785)
(37, 3556)
(37, 3930)
(37, 3931)
(37, 4197)
(37, 4544)
(37, 5440)
(37, 7103)
(37, 7994)
(37, 8344)
(37, 8555)
(37, 9014)
(37, 9804)
(37, 10256)
(37, 10540)
(37, 10706)
(37, 11055)
(37, 11462)
(37, 11469)
(37, 11902)
(37, 12054)
(37, 13162)
(37, 13261)
(37, 13472)
(37, 13577)
(37, 13597)
(37, 14765)
(37, 15788)
(37, 16031)
(37, 16129)
(37, 16853)
(37, 17337)
(37, 18494)
(37, 18709)
(37, 18967)
(72, 660)
(72, 749)
(72, 1205)
(72, 1818)
(72, 2301)
(72, 2386)
(72, 2407)
(72, 2408)
(72, 2701)
(72, 2708)
(72, 3105)
(72, 3793)
(72, 3909)
(72, 4527)
(72, 4799)
(72, 5569)
(72, 6083)
(72, 6149)
(72, 6517)
(72, 6777)
(72, 7124)
(72, 7215)
(72, 7294)
(72, 7406)
(72, 7438)
(72, 7516)
(72, 7715)
(72, 7733)
(72, 7756)
(72, 7797)
(72, 8079)
(72, 8089)
(72, 8129)
(72, 8497)
(72, 8774)
(72, 9043)
(72, 9471)
(72, 9587)
(72, 9588)
(72, 9664)
(72, 9668)
(72, 9901)
(72, 10308)
(72, 10769)
(72, 10802)
(72, 11468)
(72, 12092)
(72, 12132)
(72, 12336)
(72, 12573)
(72, 13038)
(72, 13100)
(72, 13133)
(72, 13183)
(72, 13261)
(72, 13265)
(72, 13879)
(72, 14162)
(72, 14651)
(72, 14783)
(72, 15893)
(72, 15989)
(72, 16266)
(72, 17856)
(72, 18352)
(72, 18377)
(72, 18600)
(72, 18664)
(72, 18722)
(72, 18808)
(72, 19275)
(72, 19442)
(45, 185)
(45, 235)
(45, 616)
(45, 1322)
(45, 1338)
(45, 1896)
(45, 2006)
(45, 2911)
(45, 2994)
(45, 3038)
(45, 3346)
(45, 3789)
(45, 3855)
(45, 4011)
(45, 4149)
(45, 4200)
(45, 4914)
(45, 5752)
(45, 6197)
(45, 7813)
(45, 7819)
(45, 7854)
(45, 8053)
(45, 8372)
(45, 9351)
(45, 10699)
(45, 11333)
(45, 12194)
(45, 12331)
(45, 12626)
(45, 12768)
(45, 13995)
(45, 14992)
(45, 15767)
(45, 15806)
(45, 15965)
(45, 16723)
(45, 17304)
(45, 17347)
(45, 17513)
(45, 17810)
(45, 17811)
(45, 18995)
(45, 19028)
(45, 19343)
(48, 105)
(48, 172)
(48, 477)
(48, 2691)
(48, 4025)
(48, 4117)
(48, 4688)
(48, 5549)
(48, 6024)
(48, 6171)
(48, 6235)
(48, 6533)
(48, 7549)
(48, 8161)
(48, 8469)
(48, 8490)
(48, 8729)
(48, 8754)
(48, 8989)
(48, 10398)
(48, 10729)
(48, 10749)
(48, 10932)
(48, 10933)
(48, 10992)
(48, 11070)
(48, 11440)
(48, 11516)
(48, 11555)
(48, 12007)
(48, 12238)
(48, 13098)
(48, 13595)
(48, 14234)
(48, 14269)
(48, 14818)
(48, 14973)
(48, 15153)
(48, 15249)
(48, 15520)
(48, 15850)
(48, 16372)
(48, 16739)
(48, 17008)
(48, 18149)
(48, 18570)
(48, 18807)
(48, 18809)
(47, 41)
(47, 96)
(47, 185)
(47, 191)
(47, 203)
(47, 357)
(47, 592)
(47, 625)
(47, 708)
(47, 746)
(47, 942)
(47, 1212)
(47, 1385)
(47, 1701)
(47, 1887)
(47, 2536)
(47, 3548)
(47, 3746)
(47, 4161)
(47, 5016)
(47, 6627)
(47, 6794)
(47, 7847)
(47, 8935)
(47, 9007)
(47, 9249)
(47, 10276)
(47, 10462)
(47, 10673)
(47, 11159)
(47, 11806)
(47, 12330)
(47, 12489)
(47, 12647)
(47, 12979)
(47, 15625)
(47, 16269)
(47, 16312)
(47, 16422)
(47, 16451)
(47, 17689)
(47, 18289)
(47, 18558)
(47, 18662)
(47, 18994)
(47, 19236)
(47, 19686)
(59, 489)
(59, 709)
(59, 716)
(59, 735)
(59, 1271)
(59, 1497)
(59, 2115)
(59, 2336)
(59, 2708)
(59, 3544)
(59, 4181)
(59, 4194)
(59, 4400)
(59, 4405)
(59, 5207)
(59, 5839)
(59, 6077)
(59, 6120)
(59, 6692)
(59, 7150)
(59, 7296)
(59, 7444)
(59, 8426)
(59, 8668)
(59, 9083)
(59, 9440)
(59, 10212)
(59, 10265)
(59, 10383)
(59, 10600)
(59, 11335)
(59, 11468)
(59, 11898)
(59, 11902)
(59, 12561)
(59, 13337)
(59, 13392)
(59, 13576)
(59, 13940)
(59, 13975)
(59, 14194)
(59, 14383)
(59, 15467)
(59, 15722)
(59, 16033)
(59, 17053)
(59, 17701)
(59, 17899)
(59, 17901)
(59, 18294)
(59, 18719)
(59, 18740)
(59, 18744)
(59, 18820)
(59, 18843)
(59, 18889)
(59, 18910)
(59, 18949)
(59, 19029)
(55, 471)
(55, 1213)
(55, 1842)
(55, 1846)
(55, 1923)
(55, 2098)
(55, 2339)
(55, 3821)
(55, 3822)
(55, 4683)
(55, 5071)
(55, 5715)
(55, 5904)
(55, 6142)
(55, 6272)
(55, 6437)
(55, 7124)
(55, 7199)
(55, 7215)
(55, 7923)
(55, 8024)
(55, 8095)
(55, 8296)
(55, 8384)
(55, 8998)
(55, 9471)
(55, 9588)
(55, 9702)
(55, 9714)
(55, 10475)
(55, 10769)
(55, 11751)
(55, 11957)
(55, 12092)
(55, 12336)
(55, 12562)
(55, 12573)
(55, 13529)
(55, 13562)
(55, 13774)
(55, 13829)
(55, 14163)
(55, 14518)
(55, 14651)
(55, 15402)
(55, 15713)
(55, 15989)
(55, 15995)
(55, 16163)
(55, 16219)
(55, 17110)
(55, 18377)
(55, 18725)
(55, 18808)
(55, 19067)
(54, 110)
(54, 583)
(54, 787)
(54, 1253)
(54, 1271)
(54, 1785)
(54, 2117)
(54, 2128)
(54, 2195)
(54, 2554)
(54, 2967)
(54, 3505)
(54, 3544)
(54, 3715)
(54, 3930)
(54, 3931)
(54, 4142)
(54, 4546)
(54, 4759)
(54, 5348)
(54, 6626)
(54, 6692)
(54, 7103)
(54, 7307)
(54, 7708)
(54, 8127)
(54, 8498)
(54, 8945)
(54, 9014)
(54, 9083)
(54, 9519)
(54, 9589)
(54, 9839)
(54, 10593)
(54, 10600)
(54, 10896)
(54, 11533)
(54, 11816)
(54, 11823)
(54, 11902)
(54, 12332)
(54, 12349)
(54, 12926)
(54, 13020)
(54, 13472)
(54, 13597)
(54, 13844)
(54, 14356)
(54, 15467)
(54, 15925)
(54, 16129)
(54, 18494)
(54, 18741)
(54, 18843)
(46, 284)
(46, 373)
(46, 576)
(46, 616)
(46, 647)
(46, 1206)
(46, 1728)
(46, 2549)
(46, 2974)
(46, 3286)
(46, 3387)
(46, 3766)
(46, 4621)
(46, 5805)
(46, 6035)
(46, 6064)
(46, 6393)
(46, 6873)
(46, 6927)
(46, 7174)
(46, 7306)
(46, 7786)
(46, 7806)
(46, 7963)
(46, 9410)
(46, 9687)
(46, 10096)
(46, 10797)
(46, 11450)
(46, 12243)
(46, 12327)
(46, 12471)
(46, 12750)
(46, 13105)
(46, 14379)
(46, 14435)
(46, 15059)
(46, 15094)
(46, 15997)
(46, 16199)
(46, 16563)
(46, 16755)
(46, 16855)
(46, 18401)
(46, 18745)
(46, 19164)
(64, 386)
(64, 410)
(64, 489)
(64, 709)
(64, 716)
(64, 735)
(64, 1194)
(64, 1271)
(64, 1394)
(64, 1497)
(64, 2115)
(64, 2336)
(64, 2708)
(64, 3544)
(64, 3715)
(64, 4086)
(64, 4095)
(64, 4181)
(64, 4194)
(64, 4400)
(64, 4405)
(64, 5207)
(64, 5263)
(64, 5839)
(64, 6077)
(64, 6120)
(64, 6527)
(64, 6692)
(64, 7150)
(64, 7296)
(64, 7444)
(64, 7659)
(64, 7691)
(64, 8426)
(64, 8668)
(64, 9083)
(64, 10198)
(64, 10212)
(64, 10265)
(64, 10383)
(64, 10600)
(64, 11335)
(64, 11898)
(64, 11902)
(64, 12561)
(64, 12974)
(64, 13392)
(64, 13576)
(64, 13975)
(64, 14383)
(64, 15044)
(64, 15467)
(64, 15722)
(64, 16033)
(64, 17053)
(64, 17701)
(64, 17899)
(64, 17901)
(64, 18294)
(64, 18719)
(64, 18740)
(64, 18820)
(64, 18843)
(64, 18889)
(66, 6)
(66, 268)
(66, 1045)
(66, 1197)
(66, 1565)
(66, 2114)
(66, 2121)
(66, 2128)
(66, 2425)
(66, 2437)
(66, 2798)
(66, 2964)
(66, 3333)
(66, 3361)
(66, 3407)
(66, 4173)
(66, 4684)
(66, 4702)
(66, 5440)
(66, 6077)
(66, 6120)
(66, 6302)
(66, 6697)
(66, 6901)
(66, 7154)
(66, 7201)
(66, 7296)
(66, 7399)
(66, 7689)
(66, 8697)
(66, 8701)
(66, 8886)
(66, 8947)
(66, 9220)
(66, 9264)
(66, 9797)
(66, 9804)
(66, 10185)
(66, 10248)
(66, 10690)
(66, 11188)
(66, 11275)
(66, 11800)
(66, 11816)
(66, 11893)
(66, 12099)
(66, 12332)
(66, 12353)
(66, 12974)
(66, 12978)
(66, 13576)
(66, 13620)
(66, 13975)
(66, 14175)
(66, 15044)
(66, 15722)
(66, 15788)
(66, 15871)
(66, 16033)
(66, 16306)
(66, 16337)
(66, 17213)
(66, 17755)
(66, 17847)
(66, 18912)
(66, 18924)
(52, 597)
(52, 910)
(52, 1400)
(52, 1446)
(52, 2557)
(52, 2659)
(52, 2717)
(52, 2771)
(52, 3006)
(52, 3455)
(52, 3520)
(52, 3535)
(52, 3965)
(52, 4399)
(52, 5117)
(52, 5437)
(52, 5475)
(52, 5572)
(52, 6157)
(52, 6167)
(52, 6270)
(52, 6412)
(52, 6456)
(52, 7515)
(52, 7855)
(52, 8997)
(52, 9160)
(52, 9558)
(52, 9579)
(52, 9766)
(52, 9810)
(52, 10163)
(52, 11024)
(52, 11450)
(52, 12650)
(52, 13047)
(52, 13238)
(52, 13875)
(52, 14731)
(52, 14745)
(52, 14807)
(52, 15338)
(52, 15345)
(52, 15444)
(52, 15778)
(52, 17444)
(52, 17904)
(52, 18077)
(52, 18769)
(52, 19096)
(52, 19515)
(52, 19539)
(62, 804)
(62, 924)
(62, 1063)
(62, 1202)
(62, 1276)
(62, 1987)
(62, 2019)
(62, 2335)
(62, 2422)
(62, 2591)
(62, 2655)
(62, 2669)
(62, 3365)
(62, 3543)
(62, 3653)
(62, 3713)
(62, 4152)
(62, 4849)
(62, 4912)
(62, 4932)
(62, 4942)
(62, 5054)
(62, 5167)
(62, 5494)
(62, 5568)
(62, 5610)
(62, 5750)
(62, 6039)
(62, 6481)
(62, 6656)
(62, 6725)
(62, 6934)
(62, 7301)
(62, 7537)
(62, 8405)
(62, 8834)
(62, 8968)
(62, 9890)
(62, 11052)
(62, 12262)
(62, 12618)
(62, 12839)
(62, 13445)
(62, 13949)
(62, 14069)
(62, 14442)
(62, 14915)
(62, 15224)
(62, 15377)
(62, 16088)
(62, 16958)
(62, 17298)
(62, 18072)
(62, 18346)
(62, 18430)
(62, 18544)
(62, 18701)
(62, 18733)
(62, 18763)
(62, 18768)
(62, 18824)
(62, 18931)
(61, 200)
(61, 963)
(61, 1244)
(61, 1424)
(61, 1842)
(61, 1891)
(61, 2217)
(61, 2278)
(61, 2339)
(61, 2393)
(61, 2718)
(61, 2963)
(61, 2982)
(61, 3279)
(61, 4212)
(61, 4886)
(61, 5235)
(61, 5799)
(61, 5842)
(61, 6272)
(61, 6313)
(61, 6637)
(61, 6798)
(61, 7015)
(61, 7130)
(61, 7409)
(61, 7852)
(61, 8054)
(61, 8296)
(61, 8382)
(61, 8886)
(61, 9199)
(61, 9203)
(61, 9275)
(61, 9387)
(61, 9471)
(61, 9544)
(61, 9589)
(61, 10206)
(61, 10308)
(61, 10896)
(61, 11454)
(61, 11461)
(61, 11469)
(61, 11812)
(61, 11823)
(61, 12386)
(61, 13261)
(61, 13549)
(61, 13829)
(61, 13844)
(61, 13874)
(61, 13912)
(61, 14317)
(61, 15591)
(61, 15919)
(61, 16720)
(61, 17110)
(61, 17755)
(61, 17825)
(61, 19423)
(58, 961)
(58, 1224)
(58, 1606)
(58, 1715)
(58, 2676)
(58, 2685)
(58, 2730)
(58, 3207)
(58, 3403)
(58, 4281)
(58, 4458)
(58, 4666)
(58, 5227)
(58, 6858)
(58, 7744)
(58, 8289)
(58, 8469)
(58, 8621)
(58, 8753)
(58, 8823)
(58, 8961)
(58, 9137)
(58, 9568)
(58, 9585)
(58, 9698)
(58, 9938)
(58, 10496)
(58, 10518)
(58, 10596)
(58, 10749)
(58, 11121)
(58, 11630)
(58, 12675)
(58, 12711)
(58, 12779)
(58, 12811)
(58, 12937)
(58, 13186)
(58, 13192)
(58, 13305)
(58, 13551)
(58, 13712)
(58, 13807)
(58, 13882)
(58, 13964)
(58, 14269)
(58, 14509)
(58, 15520)
(58, 16052)
(58, 16292)
(58, 16717)
(58, 16739)
(58, 17499)
(58, 18080)
(58, 18701)
(58, 18745)
(58, 18792)
(58, 18960)
(56, 123)
(56, 670)
(56, 807)
(56, 1473)
(56, 1651)
(56, 1663)
(56, 2013)
(56, 2056)
(56, 2087)
(56, 3348)
(56, 3558)
(56, 3839)
(56, 3996)
(56, 4258)
(56, 5067)
(56, 5533)
(56, 5873)
(56, 6076)
(56, 6133)
(56, 6231)
(56, 6352)
(56, 6415)
(56, 6594)
(56, 6854)
(56, 7586)
(56, 8203)
(56, 8447)
(56, 8877)
(56, 9065)
(56, 9403)
(56, 9812)
(56, 10287)
(56, 10415)
(56, 10623)
(56, 11024)
(56, 11351)
(56, 11636)
(56, 11760)
(56, 11912)
(56, 12632)
(56, 12695)
(56, 12790)
(56, 12861)
(56, 13579)
(56, 13741)
(56, 14116)
(56, 14679)
(56, 15254)
(56, 15858)
(56, 16170)
(56, 16671)
(56, 17495)
(56, 17832)
(56, 17952)
(56, 17971)
(56, 19063)
(154, 546)
(154, 574)
(154, 733)
(154, 754)
(154, 912)
(154, 918)
(154, 1068)
(154, 1144)
(154, 1204)
(154, 1242)
(154, 1265)
(154, 1345)
(154, 1416)
(154, 1439)
(154, 1794)
(154, 1881)
(154, 2304)
(154, 2352)
(154, 2383)
(154, 2428)
(154, 2594)
(154, 2783)
(154, 2821)
(154, 2951)
(154, 3187)
(154, 3307)
(154, 3385)
(154, 3453)
(154, 3721)
(154, 3963)
(154, 3971)
(154, 4450)
(154, 4581)
(154, 4868)
(154, 5019)
(154, 5095)
(154, 5147)
(154, 5324)
(154, 5336)
(154, 5402)
(154, 5430)
(154, 5497)
(154, 5500)
(154, 5507)
(154, 5639)
(154, 5661)
(154, 5730)
(154, 6000)
(154, 6164)
(154, 6180)
(154, 6201)
(154, 6242)
(154, 6690)
(154, 7089)
(154, 7094)
(154, 7168)
(154, 7377)
(154, 7388)
(154, 7560)
(154, 8017)
(154, 8093)
(154, 8221)
(154, 8470)
(154, 8626)
(154, 8707)
(154, 9390)
(154, 9424)
(154, 9477)
(154, 9634)
(154, 9723)
(154, 9769)
(154, 9864)
(154, 10065)
(154, 10254)
(154, 10350)
(154, 10575)
(154, 10818)
(154, 10824)
(154, 10915)
(154, 11099)
(154, 11269)
(154, 11390)
(154, 11463)
(154, 11540)
(154, 11735)
(154, 11814)
(154, 11822)
(154, 11840)
(154, 11944)
(154, 11989)
(154, 12060)
(154, 12142)
(154, 12304)
(154, 12479)
(154, 12766)
(154, 12789)
(154, 12884)
(154, 13400)
(154, 13623)
(154, 13630)
(154, 13846)
(154, 13996)
(154, 14147)
(154, 14420)
(154, 14484)
(154, 14515)
(154, 14525)
(154, 14556)
(154, 14857)
(154, 14893)
(154, 15225)
(154, 15448)
(154, 15542)
(154, 15727)
(154, 15841)
(154, 15891)
(154, 16250)
(154, 16305)
(154, 16318)
(154, 16416)
(154, 16443)
(154, 16593)
(154, 16770)
(154, 16982)
(154, 16989)
(154, 17003)
(154, 17034)
(154, 17122)
(154, 17164)
(154, 17192)
(154, 17194)
(154, 17387)
(154, 17401)
(154, 17409)
(154, 17415)
(154, 17538)
(154, 17603)
(154, 17653)
(154, 17657)
(154, 17858)
(154, 17859)
(154, 18009)
(154, 18035)
(154, 18349)
(154, 18717)
(154, 18736)
(154, 18743)
(154, 18754)
(154, 18773)
(154, 18819)
(154, 18830)
(154, 18837)
(154, 19002)
(154, 19402)
(171, 46)
(171, 62)
(171, 351)
(171, 478)
(171, 616)
(171, 754)
(171, 877)
(171, 912)
(171, 918)
(171, 962)
(171, 1057)
(171, 1063)
(171, 1068)
(171, 1204)
(171, 1242)
(171, 1246)
(171, 1301)
(171, 1640)
(171, 1683)
(171, 1767)
(171, 1794)
(171, 1889)
(171, 1954)
(171, 2024)
(171, 2037)
(171, 2049)
(171, 2080)
(171, 2134)
(171, 2142)
(171, 2343)
(171, 2352)
(171, 2383)
(171, 2592)
(171, 2997)
(171, 3082)
(171, 3104)
(171, 3137)
(171, 3146)
(171, 3307)
(171, 3453)
(171, 3577)
(171, 3674)
(171, 3677)
(171, 3683)
(171, 3942)
(171, 3983)
(171, 4332)
(171, 4356)
(171, 4411)
(171, 4505)
(171, 4553)
(171, 4564)
(171, 5029)
(171, 5095)
(171, 5324)
(171, 5618)
(171, 5639)
(171, 5661)
(171, 5930)
(171, 5943)
(171, 6164)
(171, 6180)
(171, 6201)
(171, 6273)
(171, 6298)
(171, 6488)
(171, 6631)
(171, 6690)
(171, 7377)
(171, 7560)
(171, 7780)
(171, 7829)
(171, 7901)
(171, 7939)
(171, 8133)
(171, 8221)
(171, 8392)
(171, 8405)
(171, 8483)
(171, 8608)
(171, 8653)
(171, 8707)
(171, 8715)
(171, 8717)
(171, 8851)
(171, 8916)
(171, 9634)
(171, 9648)
(171, 9769)
(171, 9802)
(171, 10243)
(171, 10350)
(171, 10568)
(171, 10595)
(171, 11049)
(171, 11200)
(171, 11262)
(171, 11390)
(171, 11413)
(171, 11761)
(171, 11814)
(171, 11840)
(171, 11894)
(171, 11944)
(171, 11958)
(171, 12019)
(171, 12304)
(171, 12440)
(171, 12479)
(171, 12628)
(171, 12884)
(171, 13369)
(171, 13525)
(171, 13623)
(171, 13677)
(171, 13779)
(171, 13846)
(171, 14069)
(171, 14110)
(171, 14288)
(171, 14353)
(171, 14420)
(171, 14431)
(171, 14515)
(171, 14607)
(171, 14751)
(171, 14754)
(171, 14857)
(171, 14893)
(171, 15133)
(171, 15207)
(171, 15498)
(171, 15589)
(171, 15615)
(171, 15663)
(171, 15682)
(171, 15916)
(171, 15920)
(171, 15945)
(171, 15960)
(171, 16098)
(171, 16214)
(171, 16305)
(171, 16318)
(171, 16378)
(171, 16380)
(171, 16579)
(171, 16650)
(171, 16652)
(171, 16770)
(171, 16772)
(171, 16868)
(171, 16880)
(171, 16989)
(171, 17034)
(171, 17192)
(171, 17387)
(171, 17401)
(171, 17415)
(171, 17538)
(171, 17911)
(171, 18009)
(171, 18252)
(171, 18349)
(171, 18487)
(171, 18754)
(171, 18773)
(171, 18816)
(171, 18819)
(171, 18920)
(171, 19005)
(51, 284)
(51, 723)
(51, 903)
(51, 1118)
(51, 1583)
(51, 1628)
(51, 1639)
(51, 1806)
(51, 1974)
(51, 2020)
(51, 2078)
(51, 2623)
(51, 2854)
(51, 3207)
(51, 4411)
(51, 4694)
(51, 5294)
(51, 6733)
(51, 6977)
(51, 6978)
(51, 7180)
(51, 8280)
(51, 8817)
(51, 9678)
(51, 9808)
(51, 10309)
(51, 10441)
(51, 10620)
(51, 11237)
(51, 11262)
(51, 11602)
(51, 11892)
(51, 12160)
(51, 12340)
(51, 12726)
(51, 12972)
(51, 13083)
(51, 14277)
(51, 14502)
(51, 14910)
(51, 15754)
(51, 16214)
(51, 16468)
(51, 16505)
(51, 16527)
(51, 16869)
(51, 17054)
(51, 17687)
(51, 18644)
(51, 18809)
(51, 18866)
(80, 242)
(80, 489)
(80, 577)
(80, 1244)
(80, 1271)
(80, 1303)
(80, 1629)
(80, 1675)
(80, 1989)
(80, 2115)
(80, 2117)
(80, 2195)
(80, 2216)
(80, 2553)
(80, 2645)
(80, 2798)
(80, 2964)
(80, 3229)
(80, 3922)
(80, 4086)
(80, 4393)
(80, 4400)
(80, 4759)
(80, 5066)
(80, 5340)
(80, 5595)
(80, 6081)
(80, 6692)
(80, 6899)
(80, 6930)
(80, 7016)
(80, 7296)
(80, 7444)
(80, 7997)
(80, 8104)
(80, 8697)
(80, 8708)
(80, 9061)
(80, 9519)
(80, 9595)
(80, 9608)
(80, 9797)
(80, 10185)
(80, 10265)
(80, 10540)
(80, 10919)
(80, 11084)
(80, 11335)
(80, 11902)
(80, 12102)
(80, 12349)
(80, 12534)
(80, 12728)
(80, 12738)
(80, 13449)
(80, 13491)
(80, 13597)
(80, 13844)
(80, 13963)
(80, 14284)
(80, 14317)
(80, 14454)
(80, 14727)
(80, 14742)
(80, 14782)
(80, 15045)
(80, 15356)
(80, 15467)
(80, 15468)
(80, 16714)
(80, 17093)
(80, 17839)
(80, 17847)
(80, 18552)
(80, 18719)
(80, 18741)
(80, 18744)
(80, 18757)
(80, 18870)
(80, 18874)
(131, 62)
(131, 88)
(131, 147)
(131, 440)
(131, 546)
(131, 641)
(131, 901)
(131, 903)
(131, 992)
(131, 1056)
(131, 1242)
(131, 1330)
(131, 1456)
(131, 1582)
(131, 1814)
(131, 1835)
(131, 2229)
(131, 2854)
(131, 2929)
(131, 3082)
(131, 3137)
(131, 3331)
(131, 3350)
(131, 3609)
(131, 3653)
(131, 3713)
(131, 3772)
(131, 4084)
(131, 4099)
(131, 4152)
(131, 4298)
(131, 4340)
(131, 4849)
(131, 4917)
(131, 5029)
(131, 5054)
(131, 5104)
(131, 5429)
(131, 5871)
(131, 5946)
(131, 6039)
(131, 6073)
(131, 6201)
(131, 6531)
(131, 6656)
(131, 7191)
(131, 7301)
(131, 7326)
(131, 7534)
(131, 7537)
(131, 8356)
(131, 8435)
(131, 8445)
(131, 8608)
(131, 8685)
(131, 8687)
(131, 8730)
(131, 8772)
(131, 9103)
(131, 9649)
(131, 9669)
(131, 9808)
(131, 9890)
(131, 9978)
(131, 10350)
(131, 10451)
(131, 10629)
(131, 11049)
(131, 11052)
(131, 11178)
(131, 11244)
(131, 11262)
(131, 11372)
(131, 11390)
(131, 11449)
(131, 11450)
(131, 11467)
(131, 11881)
(131, 11892)
(131, 12281)
(131, 12960)
(131, 13083)
(131, 13123)
(131, 13235)
(131, 13606)
(131, 13616)
(131, 13925)
(131, 14212)
(131, 14431)
(131, 14445)
(131, 14512)
(131, 14654)
(131, 15096)
(131, 15189)
(131, 15207)
(131, 15239)
(131, 15377)
(131, 15498)
(131, 15840)
(131, 15864)
(131, 15916)
(131, 16028)
(131, 16462)
(131, 16552)
(131, 16622)
(131, 16626)
(131, 16637)
(131, 16645)
(131, 16652)
(131, 16794)
(131, 16958)
(131, 17015)
(131, 17318)
(131, 17380)
(131, 17415)
(131, 17645)
(131, 17709)
(131, 17949)
(131, 18058)
(131, 18199)
(131, 18233)
(131, 18505)
(131, 18701)
(131, 18720)
(131, 18733)
(131, 18773)
(131, 18871)
(131, 18906)
(131, 18986)
(131, 19097)
(131, 19143)
(130, 105)
(130, 555)
(130, 642)
(130, 679)
(130, 766)
(130, 770)
(130, 800)
(130, 1151)
(130, 1198)
(130, 1410)
(130, 1481)
(130, 1628)
(130, 1753)
(130, 1875)
(130, 2020)
(130, 2207)
(130, 2326)
(130, 2505)
(130, 2790)
(130, 2939)
(130, 2994)
(130, 3050)
(130, 3281)
(130, 3284)
(130, 3352)
(130, 3402)
(130, 3462)
(130, 3480)
(130, 3567)
(130, 3687)
(130, 3717)
(130, 3757)
(130, 3851)
(130, 3923)
(130, 3987)
(130, 4051)
(130, 4149)
(130, 4297)
(130, 4340)
(130, 4342)
(130, 4775)
(130, 4930)
(130, 5029)
(130, 5051)
(130, 5068)
(130, 5199)
(130, 5249)
(130, 5406)
(130, 5599)
(130, 5844)
(130, 6035)
(130, 6411)
(130, 6537)
(130, 6604)
(130, 6790)
(130, 6808)
(130, 6895)
(130, 7262)
(130, 7445)
(130, 7550)
(130, 7854)
(130, 7991)
(130, 8569)
(130, 8791)
(130, 8832)
(130, 8967)
(130, 8972)
(130, 9217)
(130, 9355)
(130, 9493)
(130, 9605)
(130, 9630)
(130, 9827)
(130, 9908)
(130, 9982)
(130, 10034)
(130, 10283)
(130, 10291)
(130, 10431)
(130, 10572)
(130, 11052)
(130, 11296)
(130, 11422)
(130, 11450)
(130, 11584)
(130, 11869)
(130, 11889)
(130, 12402)
(130, 12491)
(130, 12582)
(130, 12960)
(130, 12967)
(130, 13278)
(130, 13548)
(130, 13614)
(130, 14001)
(130, 14036)
(130, 14096)
(130, 14427)
(130, 14464)
(130, 14513)
(130, 14577)
(130, 14609)
(130, 14750)
(130, 14808)
(130, 14810)
(130, 15040)
(130, 15087)
(130, 15434)
(130, 15672)
(130, 16135)
(130, 16164)
(130, 16307)
(130, 16355)
(130, 16469)
(130, 16664)
(130, 16796)
(130, 17019)
(130, 17152)
(130, 17230)
(130, 17647)
(130, 17956)
(130, 18043)
(130, 18303)
(130, 19091)
(130, 19255)
(130, 19276)
(130, 19432)
(130, 19615)
(130, 19632)
(73, 87)
(73, 500)
(73, 514)
(73, 973)
(73, 2154)
(73, 2322)
(73, 2406)
(73, 3205)
(73, 3337)
(73, 3372)
(73, 3654)
(73, 3754)
(73, 4092)
(73, 4161)
(73, 4455)
(73, 5324)
(73, 5550)
(73, 5843)
(73, 5917)
(73, 6114)
(73, 6749)
(73, 6828)
(73, 7232)
(73, 7233)
(73, 7725)
(73, 8098)
(73, 8686)
(73, 8697)
(73, 9324)
(73, 9574)
(73, 9806)
(73, 10083)
(73, 10134)
(73, 10246)
(73, 10372)
(73, 10614)
(73, 10633)
(73, 10746)
(73, 10748)
(73, 10754)
(73, 11456)
(73, 11884)
(73, 11972)
(73, 12100)
(73, 13020)
(73, 13089)
(73, 13312)
(73, 13655)
(73, 13656)
(73, 13801)
(73, 14008)
(73, 14305)
(73, 14773)
(73, 14844)
(73, 14978)
(73, 15008)
(73, 15044)
(73, 15296)
(73, 15400)
(73, 15765)
(73, 16243)
(73, 16616)
(73, 16676)
(73, 16826)
(73, 16955)
(73, 17853)
(73, 18341)
(73, 18357)
(73, 18360)
(73, 18671)
(73, 18736)
(73, 18742)
(73, 19681)
(88, 13)
(88, 117)
(88, 514)
(88, 735)
(88, 1141)
(88, 1253)
(88, 1271)
(88, 1289)
(88, 1394)
(88, 1529)
(88, 1631)
(88, 2406)
(88, 3523)
(88, 3903)
(88, 4130)
(88, 4400)
(88, 4544)
(88, 4894)
(88, 4948)
(88, 5122)
(88, 5467)
(88, 5550)
(88, 5809)
(88, 5843)
(88, 5854)
(88, 6387)
(88, 6838)
(88, 6861)
(88, 6996)
(88, 7115)
(88, 7574)
(88, 7665)
(88, 7842)
(88, 8426)
(88, 8828)
(88, 8912)
(88, 9014)
(88, 9087)
(88, 9230)
(88, 9250)
(88, 10128)
(88, 10198)
(88, 10212)
(88, 10397)
(88, 10880)
(88, 10891)
(88, 11063)
(88, 11335)
(88, 11468)
(88, 11898)
(88, 12029)
(88, 12349)
(88, 12542)
(88, 13364)
(88, 13626)
(88, 13682)
(88, 13811)
(88, 13821)
(88, 13975)
(88, 14008)
(88, 14175)
(88, 14305)
(88, 14765)
(88, 15117)
(88, 15184)
(88, 15437)
(88, 15788)
(88, 16087)
(88, 16826)
(88, 17049)
(88, 17182)
(88, 17324)
(88, 17333)
(88, 17576)
(88, 17592)
(88, 17899)
(88, 17988)
(88, 18357)
(88, 18380)
(88, 18516)
(88, 18670)
(88, 18673)
(88, 18719)
(88, 18820)
(88, 19008)
(88, 19064)
(88, 19314)
(88, 19325)
(68, 426)
(68, 616)
(68, 821)
(68, 898)
(68, 1269)
(68, 1363)
(68, 1573)
(68, 1683)
(68, 2094)
(68, 2244)
(68, 2649)
(68, 3001)
(68, 3708)
(68, 4149)
(68, 4604)
(68, 5036)
(68, 5325)
(68, 6019)
(68, 6104)
(68, 6247)
(68, 6540)
(68, 6663)
(68, 7252)
(68, 7380)
(68, 7518)
(68, 7607)
(68, 7769)
(68, 7844)
(68, 8022)
(68, 8050)
(68, 8147)
(68, 8472)
(68, 8762)
(68, 8992)
(68, 9042)
(68, 9475)
(68, 10010)
(68, 10097)
(68, 10231)
(68, 10611)
(68, 10699)
(68, 11336)
(68, 11566)
(68, 11780)
(68, 12121)
(68, 12175)
(68, 12431)
(68, 12829)
(68, 12931)
(68, 12993)
(68, 13442)
(68, 15124)
(68, 15160)
(68, 15366)
(68, 15410)
(68, 15483)
(68, 15555)
(68, 15929)
(68, 16582)
(68, 17017)
(68, 17238)
(68, 17786)
(68, 18675)
(68, 18700)
(68, 18861)
(68, 18942)
(68, 19185)
(68, 19504)
(69, 216)
(69, 370)
(69, 804)
(69, 840)
(69, 981)
(69, 1425)
(69, 2343)
(69, 2790)
(69, 2815)
(69, 3017)
(69, 3207)
(69, 3232)
(69, 3307)
(69, 3805)
(69, 3984)
(69, 4010)
(69, 4246)
(69, 4294)
(69, 4696)
(69, 4912)
(69, 4932)
(69, 4980)
(69, 5054)
(69, 5103)
(69, 5104)
(69, 5174)
(69, 5198)
(69, 5276)
(69, 5604)
(69, 5906)
(69, 6481)
(69, 6684)
(69, 7475)
(69, 7669)
(69, 7828)
(69, 8817)
(69, 8862)
(69, 9081)
(69, 9602)
(69, 9931)
(69, 10762)
(69, 11145)
(69, 11470)
(69, 11478)
(69, 11977)
(69, 12019)
(69, 12564)
(69, 12710)
(69, 13368)
(69, 13989)
(69, 14006)
(69, 14603)
(69, 14835)
(69, 15156)
(69, 15305)
(69, 15376)
(69, 15513)
(69, 15866)
(69, 16355)
(69, 16519)
(69, 16645)
(69, 17072)
(69, 17116)
(69, 17228)
(69, 17301)
(69, 18080)
(69, 18567)
(69, 18739)
(69, 18867)
(63, 247)
(63, 390)
(63, 442)
(63, 831)
(63, 865)
(63, 1025)
(63, 1119)
(63, 1172)
(63, 1863)
(63, 1951)
(63, 2232)
(63, 2382)
(63, 2571)
(63, 4118)
(63, 4933)
(63, 6146)
(63, 6149)
(63, 6445)
(63, 6555)
(63, 6897)
(63, 7188)
(63, 7190)
(63, 7193)
(63, 7198)
(63, 7199)
(63, 7830)
(63, 7935)
(63, 8024)
(63, 8026)
(63, 8792)
(63, 9345)
(63, 9365)
(63, 9471)
(63, 10698)
(63, 10895)
(63, 11009)
(63, 11391)
(63, 12298)
(63, 12577)
(63, 13435)
(63, 13529)
(63, 13894)
(63, 14651)
(63, 14995)
(63, 15079)
(63, 15155)
(63, 15993)
(63, 16387)
(63, 16395)
(63, 16832)
(63, 17142)
(63, 17815)
(63, 17816)
(63, 17818)
(63, 17820)
(63, 17824)
(63, 18148)
(63, 18159)
(63, 18363)
(63, 18639)
(63, 18753)
(63, 19001)
(63, 19022)
(43, 442)
(43, 865)
(43, 1119)
(43, 1172)
(43, 1769)
(43, 1863)
(43, 2571)
(43, 6445)
(43, 7188)
(43, 7190)
(43, 7193)
(43, 7198)
(43, 7199)
(43, 7830)
(43, 7935)
(43, 8382)
(43, 11464)
(43, 11495)
(43, 13435)
(43, 13451)
(43, 13529)
(43, 14328)
(43, 14651)
(43, 14772)
(43, 14783)
(43, 14995)
(43, 15562)
(43, 16083)
(43, 16395)
(43, 17299)
(43, 17814)
(43, 17815)
(43, 17816)
(43, 17818)
(43, 17819)
(43, 17820)
(43, 18029)
(43, 18159)
(43, 18238)
(43, 18363)
(43, 18753)
(43, 19022)
(43, 19443)
